72
67
51
83
196
54
59
60
81
188
70
77
536
198
63
60
59
73
65
53
156
100
65
68
73
69
70
69
129
54
74
76
77
155
74
57
57
59
89
67
50
105
76
60
78
50
65
63
87
71
82
54
91
79
58
64
63
78
130
96
76
111
134
133
72
58
60
255
108
116
50
62
51
62
85
56
57
51
51
99
72
82
72
53
75
51
83
72
251
107
273
124
138
271
193
160
138
70
50
284
131
80
53
96
55
62
147
110
86
75
142
513
224
158
129
52
101
93
105
69
66
534
283
324
185
67
53
53
132
52
141
98
113
61
63
72
77
94
217
121
130
62
204
76
150
88
50
72
56
56
252
122
55
76
93
77
128
87
66
68
76
70
68
135
65
57
53
50
55
95
58
68
101
210
176
151
165
117
53
289
62
189
128
114
50
72
56
61
95
57
197
175
168
50
142
146
65
157
227
184
154
128
118
141
105
88
57
52
57
51
68
65
135
88
67
134
52
57
143
58
324
117
79
70
83
80
80
64
91
50
78
85
103
64
154
55
63
66
224
58
232
76
65
51
113
56
77
95
168
66
348
61
72
163
55
84
195
55
94
59
203
118
58
132
96
54
60
53
53
53
70
69
54
56
179
97
87
52
55
71
71
57
92
50
73
56
207
52
106
69
61
98
65
62
58
96
95
91
169
52
56
60
57
74
88
63
189
77
84
75
104
66
50
57
91
77
103
68
72
51
56
54
57
67
276
224
206
165
129
124
135
55
57
51
53
71
96
99
61
63
63
111
75
75
61
55
60
50
79
257
56
50
59
61
53
99
109
65
62
60
62
57
60
72
56
155
61
62
75
57
76
85
74
51
237
158
66
172
55
61
70
110
86
76
78
64
57
117
62
85
62
157
93
299
69
53
126
151
53
67
58
95
64
116
117
51
65
141
63
102
156
50
52
62
85
91
71
66
80
87
128
52
60
51
85
56
65
57
81
91
93
62
114
116
79
103
93
222
152
162
55
101
107
117
104
81
103
131
85
54
91
53
101
69
51
85
56
101
96
83
96
53
98
72
119
60
85
78
101
93
98
60
69
111
99
99
96
140
106
62
93
84
85
67
52
55
66
108
51
107
70
51
95
142
83
81
71
99
102
93
68
59
144
220
51
183
126
66
113
75
54
69
81
56
54
332
223
192
51
61
60
138
106
86
60
54
65
74
65
56
53
70
106
65
54
61
92
88
67
61
70
57
70
60
54
54
81
54
50
60
52
73
54
64
76
63
56
65
84
55
57
63
95
56
91
72
51
50
75
53
64
83
101
69
92
54
312
54
75
75
76
50
61
54
60
79
104
100
426
97
94
97
105
57
71
63
178
270
55
53
1012
90
63
274
122
78
172
280
193
182
82
74
62
57
52
289
242
156
112
123
94
93
83
81
397
351
322
122
83
58
70
61
513
50
97
70
77
55
77
70
51
65
52
86
57
53
53
148
77
131
87
66
90
295
260
147
68
116
72
174
96
55
50
125
87
97
231
127
54
56
92
66
69
80
57
80
66
81
73
104
76
57
64
76
74
59
94
75
73
51
56
254
313
130
56
51
130
104
126
67
65
131
57
51
221
58
65
51
52
52
256
189
117
67
58
67
51
673
73
63
51
71
71
121
88
67
93
50
235
87
58
256
135
52
281
230
137
51
92
93
70
70
63
110
56
50
225
229
54
53
52
375
50
58
58
134
59
52
87
326
117
150
168
343
179
71
71
61
57
55
87
87
56
81
50
66
136
104
120
71
67
77
92
51
92
52
127
77
54
50
59
134
78
66
244
71
127
73
52
100
64
188
58
121
90
88
164
152
128
128
88
86
76
76
56
173
78
204
67
117
293
89
87
158
53
81
374
120
106
143
67
266
56
379
197
71
95
308
70
90
60
93
72
315
100
64
215
248
114
66
435
245
219
164
136
50
130
92
113
272
432
180
313
228
77
90
57
240
89
178
242
113
61
64
64
87
70
85
94
57
313
148
147
154
166
50
104
148
235
284
180
151
148
143
83
67
180
96
172
78
86
255
171
153
135
52
52
178
112
150
154
96
60
128
138
85
110
105
70
82
50
71
61
74
57
62
99
55
144
57
72
76
50
57
86
81
80
102
60
319
119
80
55
77
157
56
68
105
51
257
71
118
151
67
194
55
70
124
72
165
153
65
93
56
61
111
162
133
51
53
182
106
96
67
59
102
55
110
109
85
62
68
120
181
115
66
89
94
55
121
117
65
54
70
71
91
59
172
132
81
65
68
150
80
99
66
60
98
189
51
75
75
100
64
71
59
142
128
54
51
50
72
87
80
51
98
110
67
98
55
99
51
105
54
86
110
122
61
116
423
59
67
50
85
118
86
63
52
53
163
101
84
112
100
102
56
52
52
69
105
68
54
62
103
92
67
76
57
69
53
58
159
95
50
61
109
93
83
50
56
60
80
69
61
70
97
158
155
95
88
96
73
106
95
106
68
87
135
73
84
68
58
122
51
199
130
81
60
75
102
72
58
89
63
79
64
62
83
62
50
87
67
54
87
122
75
100
118
98
83
278
300
243
115
81
83
65
63
57
130
89
53
77
57
69
75
75
89
114
89
84
74
74
113
59
91
73
137
55
105
64
53
72
406
74
84
54
112
69
75
56
71
253
82
53
70
72
82
68
53
52
74
53
273
171
144
114
92
100
135
108
67
81
196
96
106
80
105
58
70
87
320
57
134
62
347
238
55
100
201
61
110
76
51
72
114
78
52
74
101
63
96
98
178
55
70
111
70
52
57
77
81
289
201
164
57
71
84
80
53
108
80
121
77
97
63
74
93
54
56
62
155
101
70
70
99
450
310
171
57
95
84
95
71
60
54
106
51
161
166
88
54
68
75
56
114
52
55
94
56
126
51
230
121
118
61
62
514
102
74
156
82
140
106
138
58
50
58
73
287
101
91
91
69
76
57
107
111
91
79
72
189
101
131
228
153
236
175
308
53
128
83
85
52
74
174
84
66
224
84
60
105
67
55
53
69
112
160
65
101
123
98
59
51
53
148
59
189
107
542
223
64
201
118
112
58
64
119
144
236
91
95
85
127
129
109
107
77
51
213
153
159
117
399
167
132
112
224
89
68
285
229
112
140
92
97
50
67
53
52
51
56
201
98
50
61
66
227
280
168
129
109
124
71
853
742
779
214
102
205
85
63
78
81
277
75
215
171
72
145
53
134
126
53
111
103
64
81
134
57
81
53
113
54
116
66
114
81
50
175
382
267
251
179
121
85
241
127
86
78
359
145
94
74
65
106
107
52
94
99
164
161
123
140
118
50
105
74
55
87
60
127
53
65
93
63
86
72
56
125
205
151
74
68
51
69
70
51
68
297
230
187
198
73
83
357
205
92
139
252
215
146
54
151
152
51
73
51
219
145
84
76
152
141
94
51
64
122
140
55
69
67
80
54
240
188
57
103
131
73
78
51
109
101
64
89
52
294
175
152
72
107
107
89
97
76
162
116
148
107
77
52
73
152
80
75
130
102
404
68
55
59
82
61
258
90
203
109
273
60
82
142
69
66
69
70
123
59
54
54
63
107
57
66
81
104
209
105
58
83
78
77
90
118
76
70
236
52
73
475
273
122
103
74
73
162
95
88
81
131
63
60
342
63
124
125
50
56
121
84
116
52
104
50
170
94
62
52
113
65
241
408
710
275
80
124
225
66
84
79
101
79
55
52
51
132
64
163
73
182
103
97
263
97
64
63
95
57
154
63
56
151
62
82
78
313
115
250
174
93
92
75
105
68
112
69
84
180
77
60
109
85
62
89
87
59
50
61
72
66
80
115
64
81
69
51
61
166
86
159
168
208
79
51
62
101
303
68
67
117
339
669
342
60
52
64
53
91
62
65
88
107
77
66
56
70
102
53
50
67
188
78
72
59
53
70
55
55
58
58
55
75
54
57
108
79
55
76
83
57
71
94
106
74
72
170
70
78
98
58
191
91
93
128
50
90
59
183
322
764
445
621
82
175
174
50
113
149
93
72
119
57
91
115
114
160
166
99
189
101
197
65
86
64
76
68
113
63
83
67
54
132
54
65
90
102
89
65
77
58
82
54
86
119
56
62
54
57
121
70
67
104
93
74
160
178
114
69
111
61
108
86
67
59
50
155
79
54
56
55
54
60
151
60
103
83
64
65
54
51
93
60
100
102
77
102
156
95
77
129
72
66
93
221
212
99
121
205
87
78
54
64
68
79
56
204
157
177
70
227
163
70
70
224
177
158
153
66
93
73
152
207
77
57
185
117
98
73
109
82
50
206
97
186
279
67
53
95
88
63
60
59
63
65
87
52
126
204
67
431
332
219
272
77
140
84
132
177
103
115
83
54
63
50
62
68
101
98
100
88
91
69
94
57
68
55
64
99
52
207
189
146
58
66
53
68
123
189
124
69
76
62
54
127
115
234
131
196
60
58
214
285
188
61
125
119
103
93
104
261
59
116
190
61
98
276
228
186
174
166
103
96
101
86
81
77
85
68
172
111
67
659
106
120
119
139
104
120
72
80
73
62
85
80
91
236
64
99
88
74
58
53
61
83
62
164
668
538
471
418
112
90
97
399
90
71
79
53
62
237
153
102
158
257
166
50
77
62
56
68
53
417
265
113
54
64
83
327
184
172
119
169
163
52
59
54
50
144
111
95
81
51
86
66
82
61
60
50
379
69
55
85
122
86
54
52
58
190
53
55
94
184
88
50
62
68
80
58
50
65
90
107
80
76
79
72
77
88
55
53
74
84
60
93
381
83
106
101
121
82
88
61
306
70
69
109
180
146
357
118
122
51
58
68
59
79
117
57
61
56
55
70
244
104
106
247
133
150
146
75
55
52
136
82
75
64
143
56
92
91
176
74
79
89
86
74
73
82
109
207
143
179
139
60
113
115
69
95
60
99
71
55
51
179
126
86
85
96
77
77
85
79
86
419
68
53
54
55
59
55
56
52
72
80
72
58
59
54
59
52
51
50
57
53
111
86
51
63
63
125
101
71
64
60
67
55
240
84
53
76
63
78
63
54
64
54
76
108
682
573
129
55
101
601
105
112
63
65
50
202
161
156
202
362
106
66
76
228
98
115
126
71
155
304
208
90
56
113
90
491
51
208
151
142
56
77
104
53
80
89
105
105
127
86
74
55
54
52
98
374
316
593
199
348
104
70
70
80
101
61
103
80
67
74
127
54
83
77
52
579
242
116
218
253
220
83
53
51
173
63
59
78
53
51
50
68
101
84
78
72
66
220
71
119
67
142
108
122
114
296
189
117
102
81
286
111
437
54
105
98
123
113
123
71
140
256
156
191
240
123
69
125
83
76
70
85
69
58
53
116
107
91
65
101
99
250
142
51
251
161
212
200
658
109
82
54
124
52
171
115
144
65
77
54
118
56
58
89
85
55
274
108
85
79
100
122
79
62
53
154
109
70
59
63
52
61
55
85
98
52
257
57
60
56
77
241
59
50
111
66
88
55
54
173
72
284
155
130
159
90
183
64
400
56
118
318
87
87
70
56
62
55
68
70
50
58
162
220
55
88
54
122
133
105
157
78
250
182
51
127
139
72
51
203
297
738
188
160
157
508
346
56
59
69
64
113
119
67
54
99
100
60
53
84
133
57
57
61
53
52
357
177
78
77
167
225
213
124
304
135
316
236
292
289
182
122
98
674
175
132
811
204
126
97
148
98
304
387
255
277
109
690
736
180
144
778
522
212
194
383
294
344
250
221
136
147
114
58
566
131
184
241
125
89
135
94
347
90
50
520
507
123
256
121
133
101
50
164
138
146
99
114
77
435
200
167
128
67
72
123
188
107
188
61
59
91
74
385
492
73
87
165
54
77
85
246
134
89
64
486
62
107
95
82
83
77
62
86
52
79
68
144
52
214
94
56
50
85
93
220
62
161
76
52
98
348
59
90
58
54
609
152
54
133
71
161
57
300
331
176
222
349
201
75
50
90
69
87
72
272
79
113
121
81
270
56
55
57
92
62
81
88
58
135
52
158
138
54
102
57
55
61
123
171
107
78
50
72
65
129
71
74
56
76
123
148
52
53
71
96
115
54
54
54
120
88
118
74
76
126
57
58
298
58
61
65
64
221
188
71
159
161
58
87
60
53
54
58
59
136
69
77
78
51
146
187
50
312
113
67
52
81
185
51
56
96
114
64
74
152
52
72
50
50
81
120
95
128
348
55
56
65
73
54
71
148
62
54
84
102
140
86
88
91
65
190
58
64
152
65
142
75
309
52
123
131
151
99
52
59
108
75
141
64
288
73
218
73
105
51
70
134
90
58
95
85
64
173
89
56
340
131
88
108
59
52
62
55
471
78
63
50
98
53
67
143
64
95
162
512
59
185
57
185
154
147
50
81
56
94
147
57
90
57
118
70
99
63
101
66
85
53
112
195
52
150
137
134
159
62
144
125
50
55
52
52
62
50
212
54
61
58
115
110
52
106
157
196
51
68
103
50
71
51
158
62
262
86
287
99
56
243
90
58
60
72
54
169
66
153
121
112
99
94
52
120
186
170
222
199
304
86
425
85
202
66
180
68
118
62
54
83
81
64
398
71
161
61
315
151
127
107
260
139
87
54
123
68
134
62
153
93
53
61
68
69
56
105
344
91
125
78
170
70
173
55
296
91
56
88
57
60
108
78
67
68
113
63
414
226
54
248
57
52
57
54
55
134
73
154
76
140
181
72
185
68
54
127
80
184
101
66
195
80
91
95
117
56
75
69
72
194
53
60
85
102
69
286
53
153
222
81
103
224
129
247
69
78
67
128
57
81
108
52
80
65
59
178
74
60
219
83
182
221
122
60
246
61
58
68
109
194
127
61
54
50
326
93
67
190
94
101
318
55
176
83
55
99
57
166
78
199
285
68
126
53
302
106
65
113
261
74
117
373
64
127
172
50
81
105
55
115
154
103
97
51
57
142
57
57
68
60
58
66
147
194
71
201
71
58
85
236
125
85
90
64
52
52
101
50
60
108
117
83
75
64
150
53
106
72
94
100
84
151
127
77
71
78
92
65
68
73
262
104
588
56
61
64
67
109
202
131
70
89
187
124
56
215
164
51
240
65
90
97
76
75
64
60
55
96
89
158
76
75
54
107
116
110
85
317
79
85
131
59
59
76
171
114
90
122
68
144
127
121
86
84
156
60
67
86
72
130
136
133
69
61
60
438
167
148
480
305
63
50
177
76
79
196
72
51
69
58
199
63
62
59
96
53
58
53
226
62
54
182
116
241
95
139
76
79
174
284
116
223
85
110
84
50
337
190
405
82
124
72
63
100
83
104
84
82
66
55
77
86
81
104
92
95
50
71
60
99
91
65
58
58
58
50
68
68
55
51
66
94
97
83
113
89
125
58
164
107
495
60
79
65
99
101
170
318
112
132
81
214
64
55
63
133
450
126
150
172
332
67
65
165
199
219
50
58
78
76
149
192
150
100
115
65
98
84
435
65
77
218
78
138
107
94
617
292
147
50
109
203
80
103
91
107
149
89
77
79
60
108
121
59
208
168
169
319
69
58
302
187
72
115
106
144
58
153
52
57
64
57
81
57
74
55
54
67
262
100
51
53
54
126
75
82
75
57
282
256
100
57
71
174
142
312
50
87
144
140
160
89
70
88
52
63
137
64
56
93
56
370
58
64
214
79
71
56
68
57
51
50
121
195
62
84
190
92
116
53
177
66
55
167
109
153
319
95
114
124
94
95
50
65
94
123
61
95
108
1046
366
55
67
50
176
117
80
549
255
193
75
169
203
63
197
67
102
225
158
309
55
71
428
53
115
267
95
67
52
155
124
190
113
107
77
64
61
64
66
69
104
279
116
108
79
60
109
89
78
170
52
97
107
64
140
50
67
160
50
69
113
80
91
62
114
87
84
74
79
58
201
74
226
635
99
68
233
94
138
154
71
151
61
52
56
220
129
321
56
92
179
61
109
58
319
59
91
62
291
67
101
180
78
60
140
116
98
70
165
88
312
231
52
137
114
139
147
119
50
99
116
132
141
88
153
131
111
52
54
52
54
69
292
64
72
104
51
53
54
102
86
73
121
51
180
77
80
226
50
80
95
60
73
77
58
295
85
74
78
87
64
99
67
124
106
86
52
279
60
350
71
58
66
279
62
116
218
102
66
86
92
63
75
77
91
97
84
143
96
51
176
97
101
115
80
69
171
97
65
77
114
61
50
187
55
124
50
90
63
321
357
117
245
70
117
64
68
83
76
54
87
83
58
89
51
532
60
64
74
82
66
97
51
93
86
57
305
211
104
355
232
161
94
143
50
713
118
110
75
101
63
94
97
99
153
281
99
145
77
56
102
178
68
94
81
203
62
420
107
104
82
226
53
77
111
72
96
71
74
67
164
90
147
88
52
151
198
437
65
110
62
62
51
56
122
53
197
53
80
51
183
53
94
117
100
86
54
61
101
346
81
158
171
113
66
238
75
56
63
62
69
127
52
98
189
103
73
69
57
51
63
74
66
92
65
73
152
85
77
70
409
54
57
126
96
82
275
57
157
50
71
76
81
112
73
73
81
130
331
96
77
141
180
130
54
305
58
93
170
151
79
52
57
305
441
81
98
59
51
135
337
76
162
55
197
88
58
77
52
108
179
118
59
106
150
50
79
255
150
85
98
333
58
104
128
82
167
66
109
67
184
237
63
53
73
144
76
149
100
116
53
51
224
56
146
109
76
93
199
152
118
79
63
82
306
94
212
59
84
159
108
72
85
193
86
78
69
455
137
53
50
110
251
51
74
107
68
100
72
124
72
58
150
276
150
66
402
247
155
70
69
56
59
82
54
86
145
196
185
551
290
163
97
107
73
142
208
58
133
117
82
88
131
172
76
131
80
79
254
50
83
117
67
79
79
78
96
113
149
91
121
70
145
67
53
53
619
68
57
99
102
290
151
94
194
73
132
86
60
117
180
67
138
54
68
57
72
127
121
146
54
88
72
142
79
259
65
87
90
107
81
74
76
216
143
97
70
208
53
79
61
238
52
266
158
67
75
320
102
50
70
57
237
126
559
195
183
341
165
227
218
145
244
115
404
617
142
109
151
140
229
164
145
242
158
127
158
106
98
267
92
67
147
76
89
117
93
100
75
59
95
58
229
180
51
88
148
119
62
57
124
119
91
163
51
115
81
57
70
71
106
216
164
220
185
54
139
236
184
77
88
183
227
141
205
393
69
134
59
54
65
100
65
866
59
51
92
101
59
132
65
54
115
139
98
65
63
74
244
289
51
202
51
67
82
50
56
545
105
91
50
277
149
51
52
90
118
102
52
128
55
155
51
74
112
59
62
54
159
55
63
69
53
402
51
88
80
60
50
65
143
76
51
96
54
89
50
140
301
189
71
189
151
50
122
52
61
90
58
112
156
79
77
96
125
71
126
52
56
144
68
84
59
134
69
79
74
183
50
79
52
123
188
263
102
109
52
68
62
162
76
75
74
86
54
52
68
69
63
53
88
57
83
152
58
70
273
94
157
75
57
57
50
56
66
187
53
50
128
83
71
77
57
112
84
66
62
190
127
98
69
98
191
148
64
59
170
208
176
131
123
125
127
76
52
106
51
64
159
75
53
144
81
50
120
88
257
81
94
104
106
73
101
55
51
104
168
100
357
199
54
109
126
69
72
92
141
298
79
60
120
60
56
79
305
130
61
51
63
74
304
86
57
186
106
85
52
75
58
53
88
67
121
52
185
52
87
139
84
139
140
55
58
103
120
129
54
320
288
210
379
58
76
83
144
88
135
66
61
53
110
93
114
161
170
174
222
56
151
100
73
59
74
55
51
56
74
63
62
54
70
123
112
86
95
69
78
103
84
73
64
55
280
136
115
176
151
53
58
349
89
158
528
64
108
161
65
180
63
160
95
189
96
89
53
87
100
76
189
299
60
146
59
243
78
130
451
314
95
54
375
106
119
78
95
82
114
65
58
86
102
392
102
66
149
79
137
84
192
59
89
457
77
192
85
203
74
64
165
58
105
53
82
97
58
244
139
66
274
210
129
67
85
50
69
51
73
211
129
93
76
109
94
141
71
76
54
56
81
132
81
167
58
103
81
94
110
62
98
64
85
104
71
106
59
52
126
93
65
98
213
67
52
67
68
79
158
98
51
357
93
65
71
68
103
348
65
54
80
115
98
72
111
206
53
88
58
102
126
120
59
170
61
57
50
170
117
63
106
63
244
109
77
83
69
58
101
51
114
63
185
56
71
211
631
61
98
91
207
182
205
76
134
107
80
52
65
185
63
130
92
217
164
67
223
58
97
66
57
135
81
79
193
55
71
88
54
70
64
126
53
51
57
61
115
74
61
73
125
61
64
64
217
69
83
246
144
140
64
69
56
53
54
67
383
54
148
69
56
52
121
205
52
63
110
176
94
183
72
76
57
78
171
169
364
59
54
69
58
200
120
238
217
61
146
50
60
52
74
152
67
138
153
141
59
80
106
51
51
89
131
88
153
73
50
201
97
141
64
74
52
86
85
72
99
205
94
57
52
59
81
201
60
68
142
80
159
67
67
145
75
155
200
78
91
63
60
66
84
113
109
73
54
77
85
85
64
69
78
97
119
156
214
58
53
189
135
61
51
77
71
95
67
475
136
143
182
372
110
78
164
55
92
118
62
59
108
62
69
53
163
88
148
86
103
70
62
59
140
65
94
66
192
74
55
54
64
59
82
91
83
116
161
54
73
59
104
50
51
60
100
53
65
59
67
66
59
92
85
78
221
141
214
297
117
92
76
56
241
57
87
83
196
60
59
68
528
108
346
56
142
66
79
331
180
134
55
180
55
65
50
56
56
128
50
218
196
79
147
101
94
53
59
115
93
63
86
87
71
59
153
88
95
68
53
127
77
58
182
81
68
69
55
81
51
97
91
153
285
81
63
88
61
122
55
57
59
74
244
59
283
59
82
85
217
95
81
80
74
62
62
76
73
57
51
144
64
54
79
99
68
67
151
52
88
61
65
143
63
208
179
73
75
171
142
79
142
96
64
60
119
590
52
75
134
59
55
61
73
63
150
68
58
56
79
541
193
391
116
176
57
72
180
74
75
57
54
325
167
80
55
50
68
55
205
129
57
69
151
74
54
53
74
107
52
54
66
62
59
81
218
65
200
148
57
51
64
149
127
91
59
94
50
59
99
75
72
90
52
157
173
55
52
83
99
99
148
229
108
204
137
186
59
288
64
55
67
66
128
51
148
88
51
94
60
57
97
146
313
84
74
271
82
690
61
68
126
70
182
104
98
108
106
57
147
132
82
72
123
50
105
68
52
86
133
53
73
67
71
155
118
148
52
136
62
139
71
598
137
235
54
54
52
84
126
51
186
119
74
101
73
85
161
125
189
101
147
250
83
59
84
57
67
274
167
109
120
81
557
77
55
77
66
51
52
63
99
58
132
388
93
138
202
98
53
56
112
73
156
97
55
67
104
382
254
76
81
94
50
302
253
308
90
169
83
296
62
314
58
65
70
50
61
184
95
186
58
85
56
128
61
229
106
87
112
304
92
56
50
76
114
55
89
81
63
59
65
268
54
88
52
247
91
114
175
59
75
105
65
88
254
74
113
65
56
50
83
86
76
124
104
93
150
62
96
83
239
97
57
428
220
153
58
68
105
171
116
56
76
101
76
155
61
73
102
72
96
108
118
180
130
116
72
100
145
54
65
123
84
70
89
51
260
73
54
126
63
69
58
128
62
211
128
92
62
153
169
71
56
59
103
108
296
56
83
67
141
55
146
157
89
132
60
60
59
56
92
76
64
138
63
151
285
132
65
154
293
395
81
77
53
162
66
61
52
56
109
59
73
96
155
136
54
195
54
56
50
130
100
146
51
95
119
63
73
80
55
155
124
72
81
61
50
128
142
81
100
100
84
140
78
70
59
202
306
55
81
160
82
70
64
131
104
65
186
70
64
71
122
118
89
229
59
93
84
442
123
73
56
114
76
50
191
54
107
216
69
103
79
57
70
71
79
95
50
173
223
82
127
58
62
61
95
53
120
79
138
81
114
87
55
118
83
58
132
125
190
102
62
87
238
108
245
308
364
76
87
88
167
121
75
51
249
76
85
117
65
63
57
71
82
59
74
236
120
127
63
108
54
72
56
120
81
107
60
183
95
115
251
51
136
138
131
75
50
394
130
54
75
67
81
101
281
50
52
70
92
80
177
70
51
56
111
85
68
78
84
72
83
64
72
66
154
80
56
71
109
50
82
90
84
86
59
130
61
54
61
64
57
104
214
89
75
159
174
94
134
109
129
90
50
69
67
250
202
144
265
120
71
67
95
112
358
70
106
314
95
127
58
126
268
187
50
82
57
59
163
98
71
78
209
119
84
78
114
157
51
60
158
127
86
69
121
67
55
162
158
155
80
97
108
111
99
70
91
96
58
172
52
110
81
129
292
92
123
133
66
116
55
131
50
63
68
151
79
93
165
165
123
79
114
60
113
83
116
314
92
67
66
57
76
137
75
66
104
87
59
66
106
82
325
70
125
121
54
75
131
109
68
86
61
87
69
106
69
80
84
79
140
99
150
77
75
126
67
89
213
116
100
177
89
241
90
224
187
50
91
108
288
57
349
102
112
64
50
102
118
85
102
106
92
128
199
85
238
88
220
84
83
110
65
304
52
105
204
73
70
61
75
109
146
242
61
138
85
51
55
77
50
82
114
137
331
128
355
105
116
66
54
84
87
68
53
57
53
88
62
175
61
158
57
66
87
297
173
102
88
51
118
67
146
59
70
58
71
56
386
73
124
60
86
243
138
91
100
82
153
69
126
83
91
93
132
88
59
81
131
253
129
168
136
55
209
76
241
136
68
79
141
60
81
59
69
74
100
54
83
66
119
83
83
53
71
59
61
255
150
95
146
135
115
89
58
65
50
85
195
62
417
98
421
76
57
97
54
119
111
169
76
78
150
224
82
219
432
71
144
62
72
108
118
50
65
97
50
69
51
192
89
238
104
236
119
99
88
103
213
355
129
97
123
193
154
50
128
77
60
140
53
113
151
67
54
90
65
67
143
99
113
75
85
169
65
126
262
63
79
284
96
139
229
81
69
89
63
52
96
105
73
79
166
79
315
126
90
74
81
121
75
263
109
124
56
139
131
71
139
81
128
74
93
110
72
58
68
90
87
50
51
159
65
70
108
107
79
99
145
67
89
115
55
145
81
79
99
86
51
74
101
90
133
141
93
90
81
157
92
63
118
76
119
59
171
61
308
109
151
475
138
307
111
66
61
170
76
241
70
185
61
54
51
99
271
79
90
55
71
104
152
112
110
223
188
120
162
94
116
114
62
55
51
91
65
84
57
150
164
76
156
60
90
64
59
96
232
80
52
68
80
405
58
229
54
61
54
180
68
55
55
51
66
201
134
229
191
58
118
213
97
79
101
93
95
93
130
124
71
285
303
70
82
64
155
83
81
148
64
67
227
72
50
133
380
51
365
107
78
70
361
86
56
70
79
110
54
68
67
52
82
78
97
116
338
100
52
58
168
51
70
352
112
85
68
333
92
54
106
122
378
109
93
109
84
69
62
113
292
144
154
122
89
188
163
51
89
104
61
60
283
81
141
124
137
50
89
83
99
109
56
191
115
92
75
65
79
92
69
94
119
101
80
96
78
71
109
76
111
137
70
168
321
269
235
67
75
50
51
215
181
78
61
64
270
127
112
165
50
60
79
83
230
52
83
108
223
78
136
108
206
51
64
74
68
101
100
202
147
222
103
81
110
192
62
52
170
140
134
73
58
65
67
52
121
109
82
60
100
67
215
59
50
59
75
137
98
69
205
118
93
85
169
181
171
144
200
124
92
180
93
73
64
189
98
299
100
89
209
73
359
175
52
67
120
56
52
217
90
132
65
53
75
91
70
176
77
59
69
223
51
137
316
77
173
124
110
166
194
62
204
55
71
157
101
102
127
163
98
94
80
69
51
86
74
116
50
103
78
300
184
165
59
83
51
127
102
50
67
82
124
63
223
87
73
78
81
93
228
108
128
62
54
50
52
64
64
178
169
134
116
76
115
86
61
177
113
87
77
62
155
372
110
111
179
50
66
100
61
53
60
166
63
176
182
68
58
149
105
106
112
127
113
78
58
103
195
51
61
59
111
55
140
59
132
77
52
59
86
190
57
102
119
52
75
184
90
52
51
85
55
349
89
580
240
136
50
54
89
304
58
58
101
144
57
71
128
64
293
73
64
70
61
144
65
52
224
81
71
51
57
175
126
150
58
98
62
185
77
182
109
142
125
146
273
68
177
69
182
61
211
60
74
51
174
282
54
115
81
50
338
81
72
124
135
54
55
118
99
50
68
74
145
72
104
75
72
160
55
104
333
242
59
292
206
68
56
64
53
54
64
59
70
73
57
84
74
134
224
174
84
64
100
140
90
55
128
271
61
55
111
125
61
139
99
105
116
73
82
112
119
126
54
262
147
92
61
61
59
124
73
96
85
220
57
65
126
65
123
78
78
141
119
93
272
114
107
52
111
93
80
60
83
131
112
134
91
59
57
298
136
75
92
63
84
64
160
74
118
55
184
216
113
69
71
182
435
57
50
135
93
340
306
167
63
103
51
113
50
79
141
118
148
102
81
86
101
199
119
232
73
58
126
76
58
84
228
65
112
179
67
213
220
87
73
51
84
52
51
159
119
78
106
87
102
75
111
236
63
136
77
179
284
55
58
64
177
60
110
114
87
112
87
220
64
121
187
245
76
80
100
86
61
65
111
83
52
81
68
56
53
158
116
136
64
83
107
230
143
70
138
64
55
63
201
57
50
53
86
92
55
111
179
111
145
58
119
71
101
123
54
125
51
213
293
108
81
79
108
292
258
172
89
99
76
249
65
54
78
157
54
86
68
198
203
592
122
337
161
56
150
95
59
83
172
83
51
90
105
185
149
52
124
278
191
105
59
98
58
115
133
141
112
79
249
128
187
179
55
168
103
65
126
78
60
74
94
66
78
80
92
51
164
58
75
52
82
257
109
55
100
64
62
194
109
240
83
98
70
74
56
104
75
201
89
167
155
149
63
106
64
87
179
114
203
69
144
63
54
76
110
126
164
320
143
64
121
127
82
102
68
120
87
134
150
50
80
187
85
71
53
170
146
170
117
63
96
63
76
123
61
50
354
107
58
199
94
97
54
141
51
79
68
231
111
58
106
261
273
69
99
74
56
226
97
97
168
100
98
66
313
219
62
115
171
68
131
53
230
53
65
186
191
52
148
70
137
60
145
54
88
70
85
69
51
55
51
69
50
53
123
51
95
70
62
86
114
93
95
77
142
94
58
63
112
57
74
190
77
80
136
73
76
59
59
129
159
137
60
77
58
110
75
68
87
53
59
62
53
110
61
57
60
59
55
63
52
94
81
56
154
66
179
199
87
87
71
69
233
122
66
91
50
187
54
59
90
62
152
61
85
67
94
82
99
104
69
64
77
232
58
67
89
113
57
61
69
60
71
65
77
102
214
148
53
246
99
53
92
66
50
60
83
53
52
73
64
169
206
86
78
109
82
51
103
170
87
159
200
166
194
137
129
171
118
123
133
150
72
129
80
67
101
61
59
111
82
79
68
51
50
70
65
56
50
59
60
240
121
100
97
71
69
54
114
84
67
66
280
240
250
155
114
114
123
117
73
137
89
85
63
55
94
64
53
74
54
68
204
68
199
61
88
268
64
55
53
55
97
77
65
67
83
100
61
162
354
276
216
67
185
116
114
186
83
73
142
126
190
119
116
110
53
58
206
95
137
141
128
83
313
234
171
291
59
194
80
51
85
70
114
82
68
51
59
77
61
60
75
50
64
110
89
55
72
109
88
93
90
141
98
93
57
95
76
65
86
120
175
122
110
247
119
248
651
74
260
75
330
222
286
291
267
202
116
57
168
126
126
274
247
319
163
233
108
51
96
65
226
70
106
153
158
469
345
120
141
159
286
87
251
109
89
83
107
62
58
492
414
368
90
324
230
182
240
106
400
311
282
167
77
109
100
96
82
159
166
96
370
298
518
374
312
192
69
112
52
53
50
140
64
62
70
55
52
82
82
64
51
56
57
69
101
87
66
75
64
57
62
50
58
52
83
58
58
61
169
57
78
91
100
88
64
78
53
56
92
150
85
150
83
57
60
64
84
85
54
58
59
86
57
151
59
64
103
102
92
97
59
60
107
82
91
66
85
76
72
106
109
84
69
83
276
80
55
53
114
74
99
163
137
91
147
57
163
83
108
96
62
61
60
145
216
109
155
71
67
86
147
142
113
245
151
123
98
93
66
82
50
52
80
140
63
83
56
58
61
80
73
126
69
85
75
192
56
58
102
53
132
168
307
180
324
50
63
59
72
52
114
57
57
207
100
54
50
55
78
87
126
166
190
171
187
56
63
60
108
240
95
163
197
157
159
116
77
373
194
51
132
59
82
77
95
76
54
55
60
76
57
77
126
67
86
108
147
178
50
93
205
138
58
105
51
289
89
97
51
131
50
60
50
61
55
50
104
85
81
111
50
74
136
51
75
116
219
264
179
172
182
129
121
149
147
209
176
166
177
54
175
167
530
240
183
218
368
177
60
140
87
84
90
74
92
94
71
82
70
89
137
116
84
51
71
77
89
77
60
77
82
67
69
80
97
69
93
91
68
74
67
53
64
74
103
178
63
115
122
128
71
101
67
122
97
60
139
99
80
101
112
89
58
62
164
192
133
194
136
363
267
300
53
79
58
63
65
97
81
103
69
65
137
131
93
53
87
65
106
136
53
88
63
53
112
68
54
89
58
106
60
145
138
115
85
76
94
81
61
86
56
54
52
51
55
53
118
51
147
97
151
74
96
68
222
51
58
59
79
73
76
50
57
62
217
153
132
52
63
60
69
126
76
65
168
187
127
165
198
124
101
62
72
92
68
117
81
100
79
65
84
79
91
62
73
96
81
74
82
81
70
68
54
67
78
50
81
84
429
219
88
186
70
327
186
165
165
150
141
122
67
99
53
231
87
109
107
78
145
288
178
144
58
180
142
62
72
64
115
61
89
75
73
85
118
65
51
70
72
95
102
62
51
105
132
98
85
119
57
52
51
71
61
100
50
71
56
110
112
51
123
60
56
68
120
155
121
120
124
106
107
106
89
50
60
129
114
125
177
211
230
104
80
148
252
118
142
279
158
132
148
164
151
173
188
196
145
92
137
130
52
71
116
84
111
58
71
51
57
116
116
83
153
289
476
63
241
371
335
150
255
286
101
94
50
120
50
64
72
65
62
52
64
50
50
65
143
98
93
242
165
143
192
455
142
96
86
56
71
105
84
209
95
73
71
51
85
59
89
56
64
56
128
76
66
50
53
57
50
54
62
159
149
119
115
106
75
133
66
87
61
61
54
58
112
65
84
57
53
159
91
114
60
70
126
71
65
61
113
112
86
151
95
132
128
89
130
123
108
89
101
279
115
85
100
52
56
62
90
98
116
54
55
76
77
85
57
68
133
163
207
153
177
206
57
56
71
56
55
88
120
54
59
104
71
91
81
118
82
96
109
128
187
72
90
191
221
85
114
232
115
116
92
216
159
56
64
70
53
52
86
110
107
109
61
323
284
204
178
135
84
123
63
61
84
61
60
62
50
51
147
96
97
55
189
233
153
192
164
181
202
98
96
94
206
62
186
161
261
69
79
211
189
171
173
114
127
82
80
55
120
162
63
95
127
50
57
58
144
287
52
54
109
56
91
85
257
74
186
190
141
222
168
103
73
85
106
123
105
146
87
65
64
88
72
50
50
53
54
58
62
53
95
55
50
72
265
297
289
298
337
162
126
115
146
121
80
298
268
321
164
161
83
305
181
184
218
265
108
127
195
317
110
128
185
221
164
243
216
193
72
119
64
50
73
79
68
82
53
67
131
62
137
66
59
93
91
57
98
95
80
108
72
88
77
110
116
89
81
122
67
61
70
81
50
152
98
84
321
93
251
183
195
87
138
97
63
96
93
75
57
103
64
72
63
63
141
112
53
133
129
89
88
55
55
392
296
336
265
164
202
356
227
245
220
176
357
287
288
66
66
70
84
64
58
70
92
54
102
132
71
51
50
232
111
104
85
79
77
92
95
79
331
156
194
133
150
180
59
59
91
56
76
70
65
85
57
51
85
56
56
62
81
66
57
137
172
283
231
197
176
160
304
193
89
161
68
151
113
99
147
70
132
107
83
52
82
51
102
113
108
89
183
158
163
235
73
93
119
151
207
119
85
230
90
63
55
63
51
58
80
161
76
87
79
61
85
55
56
52
55
50
51
98
70
77
65
72
66
66
79
82
64
81
112
130
69
112
64
79
60
134
102
55
73
60
61
76
63
168
84
132
82
94
163
58
50
61
171
78
108
83
92
118
79
60
140
65
125
76
87
61
62
89
56
96
70
86
273
373
280
394
107
313
180
232
56
94
91
74
80
80
149
59
69
65
56
50
130
116
91
90
75
99
113
91
145
130
185
50
90
141
103
122
105
67
50
82
133
134
105
99
126
68
74
84
68
125
188
69
101
123
204
171
78
151
107
58
65
106
65
52
67
85
51
79
86
66
75
206
58
91
343
187
63
179
76
285
115
108
140
218
65
71
82
109
127
51
64
50
97
198
121
56
283
124
54
77
113
84
58
223
78
115
96
53
133
103
152
87
55
57
334
208
163
107
169
105
135
87
62
111
65
188
73
136
270
52
66
158
405
56
55
67
113
147
57
168
63
138
81
56
75
172
107
66
91
132
226
206
127
71
111
93
131
262
76
148
77
54
72
85
110
56
76
83
167
83
65
51
158
106
81
116
107
61
274
186
186
134
387
58
63
92
65
85
166
147
68
59
80
75
92
105
185
60
61
284
163
95
66
71
63
268
56
113
210
218
54
120
81
101
76
153
91
236
99
265
90
111
99
83
62
91
161
79
72
70
156
242
50
74
61
60
121
162
105
58
65
90
102
134
92
62
142
58
123
128
239
55
207
56
50
233
97
56
54
99
219
71
132
166
79
71
177
163
143
498
143
124
67
196
173
80
92
287
138
170
104
59
86
87
180
77
72
128
97
158
52
60
118
80
83
75
111
57
184
52
65
63
54
273
103
172
73
61
179
149
195
114
122
71
58
107
74
72
104
295
187
125
158
223
253
167
63
51
85
146
195
59
141
64
70
106
131
70
107
50
135
77
51
70
79
162
145
149
158
164
128
290
58
87
141
180
77
180
207
75
71
69
256
53
60
126
84
83
148
142
135
218
198
53
61
53
140
198
66
97
140
60
104
111
96
92
70
71
137
88
78
156
97
184
62
52
122
70
79
190
279
118
128
345
89
134
72
61
73
88
192
63
143
62
113
370
144
123
75
118
200
136
166
61
144
91
68
107
67
145
59
141
61
149
116
203
107
245
75
58
78
95
128
133
348
54
151
63
68
51
56
63
162
83
137
56
71
178
67
72
221
152
78
179
73
146
60
198
52
64
106
131
69
63
62
53
68
156
75
51
115
62
129
95
57
157
59
114
82
64
113
84
109
121
96
108
64
189
157
92
245
79
97
135
114
64
96
183
295
141
109
193
111
82
101
62
95
67
139
83
379
141
175
114
52
72
117
61
129
200
166
62
57
112
206
74
88
226
95
90
271
77
121
83
77
65
69
73
355
59
173
81
50
77
105
313
50
79
169
111
189
136
54
68
103
54
130
65
135
145
190
97
64
132
67
161
65
82
87
50
66
139
144
103
159
64
54
51
134
50
120
118
93
113
238
50
101
70
117
127
174
51
51
132
199
83
94
158
315
89
51
59
78
116
60
193
164
67
93
64
136
80
320
170
112
54
100
54
159
110
64
67
61
190
57
76
209
270
112
78
178
64
59
54
84
67
65
53
117
177
65
164
70
92
50
130
57
79
230
197
109
55
187
65
120
88
56
124
69
129
88
63
61
77
85
61
117
52
78
132
50
120
55
110
107
102
73
107
107
143
112
183
164
57
97
249
102
80
231
52
104
91
168
292
81
73
337
59
143
119
129
77
77
149
95
71
96
110
252
79
76
178
78
162
98
101
155
54
115
162
76
95
58
56
60
178
103
94
67
60
68
329
84
75
95
59
64
102
54
186
72
150
256
67
181
96
170
98
71
108
52
62
79
164
70
55
146
125
56
65
93
166
97
273
154
140
183
149
162
87
77
113
95
131
118
126
96
154
57
78
60
119
66
58
155
168
132
51
76
64
132
170
196
186
60
198
198
81
2120
1890
196
58
50
118
54
65
56
57
118
87
59
54
94
50
63
119
54
60
144
57
53
62
76
77
58
126
50
93
65
126
74
52
105
103
63
91
65
50
63
86
55
57
153
108
52
50
52
92
55
83
66
94
85
65
82
54
64
70
69
70
88
88
71
71
54
50
55
56
69
86
51
84
196
88
312
516
104
76
131
51
65
54
66
88
57
51
51
