73
132
553
671
50
75
62
54
105
93
97
67
51
270
134
53
216
139
65
116
98
126
585
105
76
167
77
106
86
91
52
158
108
55
56
63
108
77
103
73
110
100
142
91
118
79
76
67
137
58
244
348
95
89
291
281
971
123
54
85
66
72
65
120
137
60
76
80
305
423
73
52
62
157
103
105
104
98
217
51
105
51
123
51
71
60
55
446
70
111
78
115
106
55
205
55
81
380
419
290
177
56
129
215
60
62
61
98
124
147
127
119
50
53
136
193
580
211
57
52
219
275
77
121
64
59
67
106
91
54
144
131
55
122
58
433
66
54
1188
114
106
149
62
109
76
90
65
380
58
50
316
65
60
155
145
139
60
181
62
148
218
70
79
113
53
85
657
77
122
114
64
91
59
79
205
74
222
140
204
169
153
70
84
105
99
69
74
191
54
67
99
66
59
113
453
563
87
53
65
383
78
87
60
472
67
76
79
67
63
191
272
57
55
352
92
114
300
66
89
50
568
66
81
77
165
110
78
62
59
56
52
247
177
135
65
108
127
65
243
225
249
63
125
51
67
72
50
85
116
58
80
50
88
69
118
64
75
63
72
171
157
51
331
390
396
190
56
107
145
53
61
73
112
59
72
70
80
55
51
302
109
68
60
129
66
53
99
53
190
80
129
96
187
52
58
161
59
56
58
73
56
67
71
212
117
64
64
139
53
149
88
110
264
171
60
54
125
95
150
86
97
81
96
88
67
235
138
83
167
66
149
291
74
138
64
87
313
54
157
272
124
64
89
54
70
137
65
82
119
106
555
50
62
115
210
305
68
115
208
101
590
63
107
264
918
78
76
53
52
50
83
54
83
369
107
176
52
153
95
53
63
136
65
51
208
65
82
58
481
51
348
263
268
63
143
160
51
60
91
66
355
76
176
125
103
75
718
323
203
50
113
76
71
89
114
83
62
492
80
75
116
265
135
242
65
67
51
71
190
58
91
509
60
68
95
68
68
117
73
206
460
66
127
83
54
69
50
60
59
97
535
82
69
59
492
393
208
52
53
59
57
74
57
71
55
680
66
65
596
175
65
58
56
117
480
88
251
99
313
365
80
61
343
333
333
50
540
456
53
103
195
69
65
51
50
134
345
78
57
153
448
59
61
66
189
281
60
54
53
63
62
65
62
97
74
97
72
112
53
67
81
352
53
59
225
618
172
54
52
66
143
114
509
64
179
60
66
60
274
382
1253
65
162
497
112
98
151
751
95
107
512
63
319
64
121
979
53
101
74
215
260
72
77
91
345
77
90
73
309
61
52
881
131
70
66
189
152
53
50
148
193
214
56
94
59
292
118
222
74
429
114
99
77
669
63
62
60
65
197
69
64
86
299
57
67
59
174
85
53
71
87
88
176
95
50
114
95
218
188
335
217
59
223
176
51
64
66
97
115
66
126
53
206
68
222
64
57
425
129
237
116
125
210
148
83
120
311
211
85
91
88
427
1130
71
70
57
69
91
65
130
195
304
544
76
347
56
53
87
323
457
128
90
118
97
87
354
166
367
260
224
691
130
190
102
118
92
102
164
264
56
60
108
90
91
61
65
159
67
63
336
229
156
463
92
173
109
84
85
104
134
345
348
59
60
110
67
89
57
87
159
92
341
163
478
943
631
69
51
91
108
51
223
89
84
891
59
321
63
76
187
75
162
50
94
301
58
87
473
321
62
113
63
231
232
53
55
128
886
216
85
109
64
140
571
201
52
56
80
659
402
331
108
184
56
149
474
62
298
67
84
382
51
435
58
319
168
112
97
136
51
65
164
68
111
54
370
467
323
193
382
608
453
64
52
171
147
111
59
216
128
179
311
492
86
121
66
179
52
51
53
322
50
124
92
128
110
78
86
71
88
167
123
537
74
58
70
374
212
191
70
232
101
79
69
54
140
109
58
55
118
107
94
55
101
78
125
174
138
51
313
394
67
117
54
194
100
111
111
69
208
172
174
59
116
240
73
79
78
57
131
156
56
72
74
168
384
105
87
101
199
62
170
817
353
52
110
63
61
147
104
229
419
66
74
65
94
60
109
52
82
74
87
523
110
162
180
83
314
100
88
289
205
131
200
100
148
101
159
68
200
63
57
52
58
228
93
201
61
753
85
273
270
238
186
156
453
93
87
134
69
363
71
103
98
156
84
114
61
69
128
59
102
51
52
67
94
117
184
157
113
248
286
239
78
117
361
113
84
76
96
75
59
134
168
147
79
249
81
211
68
477
233
287
321
80
206
81
56
136
70
192
427
99
63
113
65
68
113
81
77
244
74
68
52
152
252
61
92
133
52
339
185
130
115
76
110
230
63
69
50
77
308
52
893
343
56
353
86
284
66
57
68
59
182
135
71
150
649
65
152
59
240
203
672
66
78
692
61
154
79
139
88
150
51
69
64
190
80
52
241
116
63
61
100
123
103
115
78
264
420
95
76
345
54
52
121
50
119
55
177
170
76
100
108
164
118
111
161
109
154
102
70
150
151
55
225
99
60
73
65
59
85
81
237
88
53
237
82
161
85
241
78
82
567
438
171
63
62
132
220
318
54
72
172
120
103
114
78
67
69
51
101
97
168
74
51
377
85
111
67
341
131
119
60
81
168
94
151
117
217
88
201
55
54
129
141
109
58
230
125
153
91
60
79
55
132
133
106
91
100
115
60
53
119
174
52
205
88
975
54
92
56
76
70
103
136
116
56
122
119
256
106
75
61
64
131
119
124
52
89
140
223
63
232
107
103
417
60
70
134
153
88
105
54
98
63
202
53
333
97
66
73
50
59
65
96
105
224
217
263
157
51
72
53
59
82
121
77
87
52
54
63
140
66
304
108
233
92
110
1113
124
92
50
511
184
62
120
409
509
265
167
85
97
152
125
216
62
52
67
179
72
112
390
59
56
370
169
67
345
229
410
251
206
206
69
76
55
367
56
276
110
58
74
60
52
326
206
245
168
141
147
51
77
72
64
91
162
67
102
332
85
52
93
91
108
54
156
117
62
138
205
115
344
109
50
53
65
166
65
75
66
113
95
53
132
429
328
62
51
423
448
96
82
57
65
181
60
154
52
50
83
129
67
147
80
115
111
55
120
66
104
111
182
158
79
68
98
89
130
78
159
228
77
86
109
149
60
107
62
61
57
246
50
85
146
181
128
52
53
64
242
82
66
59
314
137
61
51
254
181
99
91
84
173
50
249
58
53
72
273
53
193
98
397
56
113
281
55
149
130
77
791
97
69
68
60
346
67
189
109
55
148
54
55
277
166
70
52
53
171
55
55
97
90
51
51
198
61
94
243
164
78
71
394
119
133
233
64
75
192
234
300
80
67
100
61
110
412
133
78
57
269
131
269
325
511
121
680
378
108
94
61
121
105
102
121
100
280
50
72
114
194
101
78
87
60
160
108
90
101
150
117
62
319
51
208
255
63
59
59
570
420
55
197
110
165
242
367
69
50
164
821
56
57
89
53
147
92
56
90
85
114
131
122
94
95
115
186
79
56
69
61
126
58
63
126
92
93
115
101
55
79
82
116
59
78
142
110
280
292
50
50
163
153
89
205
65
59
53
71
408
76
96
131
50
120
186
128
184
198
127
253
62
154
65
78
51
132
409
130
62
55
60
100
61
70
244
133
70
68
54
60
93
56
131
65
243
192
69
152
200
96
292
82
333
103
122
118
429
80
286
213
631
128
59
54
198
86
140
131
103
170
128
108
164
119
91
51
106
63
70
82
178
136
62
62
76
191
99
71
287
459
294
181
93
86
184
63
52
50
155
93
63
52
50
176
77
78
60
51
71
88
128
60
57
65
50
55
51
145
240
60
102
77
81
94
133
50
59
64
51
109
74
73
98
80
111
96
64
68
55
58
60
51
114
494
125
56
271
128
88
62
508
101
106
53
64
79
145
83
93
55
78
69
53
50
121
82
55
64
69
100
81
76
101
278
51
50
63
66
82
61
65
123
99
107
95
82
92
67
60
158
73
55
78
66
50
388
62
58
67
62
62
56
71
61
74
90
139
90
71
63
633
121
105
73
62
52
77
68
124
69
75
211
142
100
197
56
87
135
214
201
109
96
115
77
79
89
166
345
88
109
86
56
279
88
55
76
129
68
77
149
111
70
76
56
52
87
83
67
234
98
196
310
82
52
196
137
66
68
55
53
378
51
168
350
108
59
207
70
109
148
81
75
109
52
54
148
60
92
118
91
65
72
73
136
98
73
324
71
82
66
78
95
58
72
99
66
91
50
69
265
55
51
50
73
283
143
67
65
79
279
180
149
121
192
68
100
72
65
97
58
374
438
77
162
141
57
77
87
54
155
60
266
270
75
56
73
50
95
83
75
56
54
124
129
74
91
76
117
166
134
262
59
58
50
160
55
91
54
53
205
110
53
126
110
96
50
157
58
98
202
256
98
55
128
156
142
182
72
51
87
50
58
53
64
111
211
51
252
167
98
110
151
65
121
86
69
61
50
413
76
139
53
270
57
54
61
59
61
102
85
60
50
99
97
63
92
214
87
100
123
61
65
67
104
64
523
118
84
84
158
68
65
102
53
96
131
95
84
93
50
106
295
89
175
104
105
116
61
150
73
183
68
89
79
72
56
84
122
75
71
212
289
110
98
405
143
195
131
55
57
51
50
163
162
54
79
64
155
118
51
56
51
58
97
51
60
79
52
62
66
75
53
63
88
146
88
64
81
85
58
67
51
334
75
64
137
165
54
62
272
81
61
73
80
106
285
131
88
151
63
226
158
60
67
159
114
67
140
111
62
158
56
185
165
218
348
245
54
141
104
69
57
100
113
101
91
56
81
950
63
50
97
126
99
50
63
290
85
67
69
170
114
53
277
78
79
60
99
58
88
85
122
74
63
65
109
100
77
487
63
62
72
56
105
71
60
283
129
61
57
150
132
84
276
112
67
111
61
249
70
111
156
51
67
80
84
72
60
64
69
83
202
50
164
93
56
56
89
77
69
61
53
112
77
66
111
65
85
66
55
129
83
91
90
67
85
87
100
377
207
58
108
173
51
57
59
68
65
109
197
132
124
55
68
55
60
56
293
50
62
148
263
160
380
235
76
269
266
145
68
63
131
131
82
90
107
83
62
58
50
108
244
101
94
63
164
69
288
232
71
97
54
113
280
61
110
91
83
68
64
118
82
135
72
198
181
55
83
91
73
207
77
75
65
61
57
52
312
244
131
118
55
60
124
63
130
248
55
133
94
198
304
95
62
88
61
293
82
62
50
95
66
119
58
75
83
122
370
105
88
74
50
109
70
117
91
65
343
110
50
61
98
88
54
109
131
182
102
72
96
73
51
62
62
227
88
71
82
200
69
79
84
65
107
57
329
187
98
91
79
89
155
61
356
58
61
77
456
139
198
67
98
101
65
79
67
59
92
67
98
71
50
68
87
57
76
55
144
110
124
53
67
284
58
131
123
115
75
104
74
93
63
58
282
275
195
72
62
318
70
68
95
296
119
52
106
87
71
53
163
133
74
73
51
98
165
64
83
187
92
87
74
247
72
60
129
63
161
79
70
150
126
121
62
66
56
50
50
50
78
65
143
96
54
98
137
107
271
179
62
69
64
76
91
100
64
89
156
57
102
75
51
106
175
51
525
136
109
147
167
95
57
84
175
289
119
73
52
85
91
74
113
71
52
106
65
172
53
90
67
54
66
51
50
58
69
150
113
63
122
184
58
128
52
233
65
163
55
58
84
92
831
74
228
104
182
433
73
113
62
60
105
53
63
99
388
96
54
77
132
75
52
74
125
57
56
73
98
104
50
326
54
82
69
133
153
68
80
59
55
112
53
117
138
53
122
58
81
142
53
60
95
52
58
59
56
66
108
74
67
135
50
225
50
64
82
666
65
140
216
131
54
111
83
64
187
207
55
60
122
66
57
77
109
53
109
59
92
60
61
124
131
54
64
78
420
72
60
218
137
237
58
76
66
68
327
50
53
123
219
422
239
68
93
54
53
115
53
77
57
214
69
143
76
84
110
65
82
132
112
96
59
70
53
53
55
79
91
114
55
51
119
54
72
239
55
321
83
81
72
55
54
76
120
169
127
66
159
75
55
71
54
54
158
64
55
124
56
51
104
66
50
64
77
278
98
92
296
247
111
148
56
61
50
60
66
85
87
58
66
64
389
333
66
93
244
62
64
342
93
102
51
76
98
130
262
52
79
121
94
57
50
54
73
55
83
69
325
91
117
79
191
140
58
66
111
80
65
79
208
205
85
61
77
101
89
74
90
82
70
65
64
69
62
271
79
50
238
334
75
58
52
73
213
228
60
366
91
97
61
151
63
67
58
186
456
243
158
54
57
64
55
119
63
50
87
144
174
81
68
68
171
62
159
85
111
70
80
59
94
58
54
52
65
60
127
269
64
64
86
67
56
178
163
59
110
64
139
64
69
53
139
85
120
156
51
52
247
64
208
248
86
120
53
124
254
240
96
74
51
55
62
51
227
110
155
70
79
359
60
68
104
104
93
87
87
115
87
198
423
54
142
97
214
193
68
89
173
77
56
161
77
65
71
192
53
52
349
119
102
182
81
127
83
50
255
158
105
119
55
57
82
112
88
69
64
90
55
52
66
220
219
64
61
336
275
174
61
68
181
90
50
74
73
87
185
304
93
67
66
117
87
233
69
60
338
52
50
58
247
79
182
86
91
99
63
162
146
84
52
54
54
136
90
50
52
102
99
50
215
91
768
109
60
211
409
203
94
360
79
115
81
91
110
65
128
77
72
74
67
151
106
497
55
66
58
58
101
101
230
51
126
63
83
90
85
65
50
50
111
63
80
55
79
55
78
106
58
56
60
159
52
54
71
91
85
66
197
66
52
53
69
63
65
83
62
82
106
155
108
58
106
239
1043
83
104
67
139
57
51
50
109
253
161
111
50
95
66
151
180
50
65
57
83
121
74
62
99
106
70
56
288
207
302
58
60
50
76
51
53
64
64
53
108
55
52
65
55
50
94
58
64
84
730
83
54
133
67
75
51
59
176
81
68
62
126
98
277
86
66
89
84
156
91
62
207
54
86
53
62
73
57
67
58
79
58
224
50
52
135
88
111
54
55
64
58
84
224
239
62
160
70
68
123
70
58
94
62
50
58
103
52
67
51
148
198
101
57
116
67
60
171
101
139
110
100
51
175
124
89
113
116
68
54
55
130
77
53
148
80
98
58
53
60
66
61
79
86
97
51
68
55
401
57
59
54
90
56
56
80
65
192
236
63
236
57
65
50
50
51
163
379
54
85
53
75
72
156
51
77
56
59
74
68
122
65
62
50
99
102
80
176
463
604
56
54
51
279
109
91
116
61
191
136
66
58
556
52
93
135
95
245
398
54
103
130
318
55
106
104
63
226
142
51
72
416
115
121
57
65
96
63
203
88
107
67
138
300
80
55
58
68
402
177
55
86
60
55
59
63
252
116
54
78
463
70
54
80
140
142
58
72
59
63
54
50
60
130
324
107
73
183
80
74
86
56
79
69
50
78
108
54
78
184
57
369
142
69
59
123
80
50
195
148
194
68
137
349
141
53
109
91
59
68
64
80
75
219
80
60
75
64
68
57
57
52
59
127
76
55
58
77
102
78
77
52
52
70
160
51
143
108
93
50
100
79
50
104
131
66
140
60
125
51
62
134
50
74
95
53
107
119
92
113
82
90
59
98
88
74
157
107
53
58
50
111
77
107
89
63
53
53
99
199
54
101
162
57
52
70
51
164
84
66
128
50
326
67
63
121
169
53
94
131
376
137
162
62
137
91
68
78
62
184
126
66
95
57
50
248
149
56
69
86
50
152
257
200
128
174
91
255
58
83
51
71
57
119
58
51
59
84
58
129
149
60
51
53
100
82
118
122
95
165
56
108
77
70
107
118
474
92
147
343
55
74
109
100
122
80
54
69
80
134
135
153
178
182
75
52
82
138
102
109
61
75
76
68
78
211
64
101
55
55
80
110
78
69
52
89
68
57
83
57
638
94
71
129
312
187
54
121
60
83
64
95
167
73
53
56
90
122
50
214
892
179
77
84
74
59
54
71
59
67
51
95
161
50
106
96
101
90
62
193
128
74
289
97
66
241
67
68
172
90
193
94
78
68
65
104
76
57
82
70
57
183
51
125
150
58
53
246
81
207
193
52
66
110
309
105
57
85
68
65
94
217
91
125
53
69
89
69
318
59
84
184
81
173
57
50
75
145
52
200
61
111
101
140
54
119
62
78
217
89
88
137
117
93
79
113
323
98
51
51
112
81
67
87
76
79
60
73
142
63
86
128
64
61
120
117
54
57
75
496
168
61
69
84
67
60
89
84
60
51
68
50
52
56
102
63
131
75
128
106
62
54
472
59
98
56
97
98
96
185
591
69
91
61
68
70
98
195
101
68
160
76
71
113
115
118
112
62
51
62
111
124
108
54
75
64
61
172
69
58
57
56
54
67
133
83
118
59
127
107
100
62
57
64
57
59
234
59
80
292
71
101
147
112
181
182
50
59
62
101
88
60
62
75
159
119
85
125
77
69
122
153
85
56
470
72
98
125
62
220
179
55
50
70
169
92
51
82
59
143
52
68
76
94
186
71
59
123
92
171
124
60
100
59
191
53
78
77
430
335
293
105
137
177
341
62
79
69
123
55
52
105
55
103
274
86
73
111
168
55
73
136
69
71
71
76
56
105
93
55
77
64
147
70
53
74
50
126
99
84
93
54
75
95
61
142
79
147
102
224
131
95
177
177
137
189
75
84
63
53
277
424
102
100
92
95
57
61
62
112
76
57
62
136
50
87
128
69
197
50
59
53
71
51
65
77
76
66
88
110
59
166
60
122
55
141
54
69
112
128
208
172
115
100
78
180
74
140
135
96
58
69
221
85
170
152
65
67
53
216
77
55
57
61
62
171
64
57
64
96
51
52
163
58
136
144
64
222
251
182
59
77
102
101
63
101
147
98
157
51
52
57
52
119
52
54
145
156
395
76
50
131
106
64
73
78
124
59
87
75
81
53
140
236
75
66
178
75
99
52
138
130
73
93
126
119
189
61
53
60
230
228
146
86
165
73
97
106
207
68
126
106
60
418
57
62
50
102
85
186
76
99
110
73
80
124
50
69
475
166
65
61
58
51
118
88
50
94
137
59
95
56
71
51
87
63
69
51
64
87
89
93
59
148
52
190
102
50
91
73
161
65
171
88
62
81
86
119
55
293
91
53
129
203
66
57
63
86
127
50
100
61
53
59
53
67
101
114
122
62
106
102
57
99
73
54
100
59
100
53
60
74
64
83
80
103
70
112
71
50
63
53
53
210
99
57
67
58
59
110
63
58
91
124
53
80
181
150
83
81
73
52
79
115
127
108
95
83
59
80
55
86
62
81
53
57
68
258
57
79
149
145
135
146
93
69
57
95
56
73
70
83
127
135
69
97
71
103
54
80
63
58
52
104
84
52
91
67
60
57
191
171
167
60
203
81
54
59
59
249
346
94
51
71
107
113
124
81
67
55
105
53
59
85
62
52
141
82
106
97
102
93
79
62
76
57
87
57
141
160
165
220
82
50
56
199
51
50
279
108
107
52
71
52
89
134
188
85
54
159
250
111
68
103
100
66
176
59
53
117
83
66
54
78
108
57
95
141
98
53
74
81
59
82
124
91
67
117
105
103
168
215
54
88
183
65
52
134
61
51
88
76
65
51
56
73
152
64
53
63
106
113
228
64
65
60
86
98
110
68
103
58
71
56
62
54
96
65
107
54
61
83
67
52
131
72
64
79
59
53
132
166
51
81
74
67
93
64
53
160
59
80
86
72
97
63
139
114
63
56
278
106
206
59
77
50
50
78
60
79
64
55
121
136
68
81
118
77
79
60
51
165
69
109
90
159
50
70
84
68
95
71
57
81
66
100
88
73
69
102
53
54
133
68
74
82
83
91
91
58
69
66
75
198
76
157
81
56
121
95
51
93
72
53
50
94
144
70
74
62
55
72
107
54
60
63
83
67
126
65
137
72
111
76
71
82
129
124
68
50
62
53
64
50
78
81
51
51
50
106
132
90
97
93
62
55
52
119
52
73
87
50
200
106
53
61
51
55
138
66
54
71
93
50
74
54
75
88
72
80
186
59
82
63
77
70
79
250
56
472
59
111
51
177
94
56
54
87
58
53
116
70
198
58
61
83
90
73
67
54
52
73
128
72
53
347
60
60
64
50
106
247
57
55
53
86
53
154
60
57
77
104
66
51
98
78
94
149
51
419
383
644
485
176
62
57
73
181
60
152
205
80
116
181
98
70
264
107
56
50
91
72
92
52
63
66
97
97
69
50
78
58
204
313
57
151
146
108
140
84
97
50
87
164
116
142
61
66
53
78
50
161
262
158
165
118
58
210
63
64
85
55
59
120
65
265
89
58
60
61
52
78
56
86
66
71
75
369
109
50
105
61
113
53
66
75
65
62
52
178
87
57
79
87
77
230
139
71
58
68
164
167
175
67
211
68
99
76
70
94
74
56
71
57
118
55
54
60
92
480
68
236
58
56
65
232
253
132
57
64
74
66
77
188
68
82
59
62
66
74
170
252
374
157
140
50
106
62
163
85
140
71
72
61
88
67
50
51
227
272
53
61
64
203
380
546
80
112
78
52
97
136
55
113
69
398
242
144
72
348
50
82
58
63
141
93
78
194
66
65
124
227
146
76
186
66
127
146
98
64
79
81
72
65
84
118
147
142
148
149
174
127
118
99
88
73
65
56
51
129
79
65
309
221
206
62
59
127
304
59
88
117
166
234
50
57
53
63
148
59
140
71
271
82
144
140
136
66
61
119
63
130
151
71
167
60
80
52
65
77
259
182
53
54
93
144
89
54
253
162
164
64
143
208
52
57
79
252
145
96
221
52
84
99
169
151
52
321
50
61
64
201
145
82
122
81
259
90
63
420
59
53
112
130
64
131
230
129
108
95
106
173
127
125
169
176
205
69
61
99
53
118
185
95
101
108
89
111
363
52
483
53
87
80
189
86
129
203
120
115
65
60
119
71
160
191
109
66
165
99
87
67
178
71
59
101
58
101
107
187
320
51
55
50
51
126
167
72
61
74
152
107
59
125
85
118
62
114
95
85
145
148
180
57
84
77
247
276
85
121
80
51
97
59
119
89
55
90
76
56
72
67
392
59
322
67
172
64
67
145
132
81
87
53
75
121
54
90
70
78
273
112
316
79
52
430
202
160
